{
 "cells": [
  {
   "cell_type": "markdown",
   "metadata": {},
   "source": [
    "# 读入"
   ]
  },
  {
   "cell_type": "code",
   "execution_count": 229,
   "metadata": {},
   "outputs": [],
   "source": [
    "import numpy as np\n",
    "import math\n",
    "\n",
    "# 单位一致性\n",
    "ikind = np.int32\n",
    "rkind = np.float64\n",
    "\n",
    "# 绘图精度、比例\n",
    "DIVIDE = 101\n",
    "UNIT_M = 100\n",
    "UNIT_FQ = 100\n",
    "UNIT_FN = 50\n",
    "\n",
    "# 文件名序号（批处理相关）\n",
    "NameIndex = 5"
   ]
  },
  {
   "cell_type": "markdown",
   "metadata": {},
   "source": [
    "### 结构体类定义\n",
    "- 结点`Joint`\n",
    "- 单元杆件`Element`\n",
    "- 结点荷载`JointLoad`\n",
    "- 单元荷载`ElemLoad`"
   ]
  },
  {
   "cell_type": "code",
   "execution_count": 230,
   "metadata": {},
   "outputs": [],
   "source": [
    "# 结点\n",
    "class Joint:\n",
    "    def __init__(self, X, Y, GDOF):\n",
    "        self.X = X\n",
    "        self.Y = Y\n",
    "        self.GDOF = GDOF    # 结点自由度编码\n",
    "\n",
    "# 单元杆件\n",
    "class Element:\n",
    "    def __init__(self, Joint1, Joint2, EA, EI, mass=0):\n",
    "        self.Joint1 = Joint1\n",
    "        self.Joint2 = Joint2\n",
    "        self.GlbDOF = self.compute_GlbDOF()     # 单元自由度编码\n",
    "        self.Len, self.cosA, self.sinA = self.compute_properties()\n",
    "        self.EA = EA\n",
    "        self.EI = EI\n",
    "        self.mass = mass\n",
    "        self.ET = self.compute_TransMatrix()  # 变换矩阵\n",
    "        self.EKR = self.compute_StiffnessMatrix() # 刚度矩阵（局部坐标）\n",
    "        self.EK = np.dot(np.dot(self.ET.T, self.EKR), self.ET) # 刚度矩阵（全局坐标）\n",
    "        self.EForceR = np.zeros(6, dtype=rkind) # 单元结点约束力（局部坐标）\n",
    "        self.EP = np.zeros(6, dtype=rkind) # 等效结点荷载（全局坐标）\n",
    "        self.Disp = np.zeros(6, dtype=rkind) # 结点位移（全局坐标）\n",
    "        self.ReactionR = np.zeros(6, dtype=rkind) # 杆端力（局部坐标）\n",
    "        self.FN = np.zeros(DIVIDE, dtype=rkind) \n",
    "        self.FQ = np.zeros(DIVIDE, dtype=rkind)\n",
    "        self.M = np.zeros(DIVIDE, dtype=rkind)\n",
    "\n",
    "    def compute_GlbDOF(self):\n",
    "        GlbDOF = np.zeros(6, dtype=ikind)\n",
    "        GlbDOF[0:3] = self.Joint1.GDOF[0:3]\n",
    "        GlbDOF[3:6] = self.Joint2.GDOF[0:3]\n",
    "        return GlbDOF\n",
    "\n",
    "    def compute_properties(self):\n",
    "        dx = self.Joint2.X - self.Joint1.X\n",
    "        dy = self.Joint2.Y - self.Joint1.Y\n",
    "        Len = np.sqrt(dx**2 + dy**2)\n",
    "        cosA = dx / Len\n",
    "        sinA = dy / Len\n",
    "        return Len, cosA, sinA\n",
    "    \n",
    "    def compute_TransMatrix(self):\n",
    "        ET = np.zeros((6, 6), dtype=rkind)\n",
    "        ET[0, 0:2] = [self.cosA, self.sinA]\n",
    "        ET[1, 0:2] = [-self.sinA, self.cosA]\n",
    "        ET[2, 2] = 1\n",
    "        ET[3, 3:5] = [self.cosA, self.sinA]\n",
    "        ET[4, 3:5] = [-self.sinA, self.cosA]\n",
    "        ET[5, 5] = 1\n",
    "        return ET\n",
    "    \n",
    "    def compute_StiffnessMatrix(self):\n",
    "        L = self.Len\n",
    "        EA = self.EA\n",
    "        EI = self.EI\n",
    "        k = np.zeros((6, 6), dtype=rkind)\n",
    "        k[0, 0] = EA / L\n",
    "        k[0, 3] = -EA / L\n",
    "        k[1, 1] = 12 * EI / L**3\n",
    "        k[1, 2] = 6 * EI / L**2\n",
    "        k[1, 4] = -12 * EI / L**3\n",
    "        k[1, 5] = 6 * EI / L**2\n",
    "        k[2, 1] = 6 * EI / L**2\n",
    "        k[2, 2] = 4 * EI / L\n",
    "        k[2, 4] = -6 * EI / L**2\n",
    "        k[2, 5] = 2 * EI / L\n",
    "        k[3, 0] = -EA / L\n",
    "        k[3, 3] = EA / L\n",
    "        k[4, 1] = -12 * EI / L**3\n",
    "        k[4, 2] = -6 * EI / L**2\n",
    "        k[4, 4] = 12 * EI / L**3\n",
    "        k[4, 5] = -6 * EI / L**2\n",
    "        k[5, 1] = 6 * EI / L**2\n",
    "        k[5, 2] = 2 * EI / L\n",
    "        k[5, 4] = -6 * EI / L**2\n",
    "        k[5, 5] = 4 * EI / L\n",
    "        return k\n",
    "\n",
    "# 结点荷载\n",
    "class JointLoad:\n",
    "    def __init__(self, Joint, LodDOF, LodVal):\n",
    "        self.Joint = Joint\n",
    "        self.LodDOF = LodDOF\n",
    "        self.LodVal = LodVal\n",
    "\n",
    "# 单元荷载\n",
    "class ElemLoad:\n",
    "    def __init__(self, Element, Index, Pos, LodVal):\n",
    "        self.Element = Element\n",
    "        self.Index = Index\n",
    "        self.Pos = Pos\n",
    "        self.LodVal = LodVal"
   ]
  },
  {
   "cell_type": "markdown",
   "metadata": {},
   "source": [
    "### 数据输入与初始化类\n",
    "- 静力分析(共一行）：           1\n",
    "- 控制参数（共一行）：          NElem,NJoint,NGlbDOF,NJLoad,NELoad\n",
    "- 结点数据（共 Njoint行)：      x, y, GDOF(1:3)\n",
    "- 单元数据（共 Nelem 行）：     JointNo(1:2) , EA, EI\n",
    "- 结点荷载数据（共 NJLoad行)：  JointNo, LodDOF, Lodval\n",
    "- 单元荷载数据（共 NELoad 行)： ElemNo, Index, Pos, Lodval"
   ]
  },
  {
   "cell_type": "code",
   "execution_count": 231,
   "metadata": {},
   "outputs": [],
   "source": [
    "with open('InputData'+str(NameIndex)+'.txt', 'r') as file:\n",
    "        op = file.readline().strip()\n",
    "        \n",
    "        NElem, NJoint, NGlbDOF, NJLoad, NELoad = map(int, file.readline().split(','))\n",
    "\n",
    "        # Read Joint data\n",
    "        Joints = []\n",
    "        for _ in range(NJoint):\n",
    "            X, Y, GDOF1, GDOF2, GDOF3 = map(float, file.readline().split(','))\n",
    "            GDOF = np.array([GDOF1, GDOF2, GDOF3], dtype=np.int32)\n",
    "            joint = Joint(X, Y, GDOF)\n",
    "            Joints.append(joint)\n",
    "\n",
    "        # Read Element data\n",
    "        Elems = []\n",
    "        for _ in range(NElem):\n",
    "            JointNo1, JointNo2, EA, EI = map(float, file.readline().split(','))\n",
    "            Joint1 = Joints[int(JointNo1) - 1]\n",
    "            Joint2 = Joints[int(JointNo2) - 1]\n",
    "            element = Element(Joint1, Joint2, EA, EI)\n",
    "            Elems.append(element)\n",
    "        \n",
    "        # Read Joint Load data\n",
    "        JointLoads = []\n",
    "        for _ in range(NJLoad):\n",
    "            JointNo, LodDOF, LodVal = map(float, file.readline().split(','))\n",
    "            Joint = Joints[int(JointNo) - 1]\n",
    "            jointLoad = JointLoad(Joint, LodDOF, LodVal)\n",
    "            JointLoads.append(jointLoad)\n",
    "        \n",
    "        # Read Element Load data\n",
    "        ElemLoads = []\n",
    "        for _ in range(NELoad):\n",
    "            ElemNo, Index, Pos, LodVal = map(float, file.readline().split(','))\n",
    "            Element = Elems[int(ElemNo) - 1]\n",
    "            elemLoad = ElemLoad(Element, Index, Pos, LodVal)\n",
    "            ElemLoads.append(elemLoad)\n",
    "\n"
   ]
  },
  {
   "cell_type": "markdown",
   "metadata": {},
   "source": [
    "`*非必需运行`\n",
    "杆件长度、局部坐标、定位向量、刚度矩阵等"
   ]
  },
  {
   "cell_type": "code",
   "execution_count": 232,
   "metadata": {},
   "outputs": [
    {
     "name": "stdout",
     "output_type": "stream",
     "text": [
      "Element 1 Length: 2.5\n",
      "Element 1 cosA: 0.0\n",
      "Element 1 sinA: 1.0\n",
      "Element 1 GlbDOF: [0 0 0 1 2 3]\n",
      "Element 1 EK:\n",
      " [[ 2.304000000e+09  0.000000000e+00 -2.880000000e+09 -2.304000000e+09\n",
      "   0.000000000e+00 -2.880000000e+09]\n",
      " [ 0.000000000e+00  2.000000000e+07  0.000000000e+00  0.000000000e+00\n",
      "  -2.000000000e+07  0.000000000e+00]\n",
      " [-2.880000000e+09  0.000000000e+00  4.800000000e+09  2.880000000e+09\n",
      "   0.000000000e+00  2.400000000e+09]\n",
      " [-2.304000000e+09  0.000000000e+00  2.880000000e+09  2.304000000e+09\n",
      "   0.000000000e+00  2.880000000e+09]\n",
      " [ 0.000000000e+00 -2.000000000e+07  0.000000000e+00  0.000000000e+00\n",
      "   2.000000000e+07  0.000000000e+00]\n",
      " [-2.880000000e+09  0.000000000e+00  2.400000000e+09  2.880000000e+09\n",
      "   0.000000000e+00  4.800000000e+09]]\n",
      "\n",
      "\n",
      "Element 2 Length: 2.5\n",
      "Element 2 cosA: 0.0\n",
      "Element 2 sinA: 1.0\n",
      "Element 2 GlbDOF: [0 0 0 4 5 6]\n",
      "Element 2 EK:\n",
      " [[ 2.304000000e+09  0.000000000e+00 -2.880000000e+09 -2.304000000e+09\n",
      "   0.000000000e+00 -2.880000000e+09]\n",
      " [ 0.000000000e+00  2.000000000e+07  0.000000000e+00  0.000000000e+00\n",
      "  -2.000000000e+07  0.000000000e+00]\n",
      " [-2.880000000e+09  0.000000000e+00  4.800000000e+09  2.880000000e+09\n",
      "   0.000000000e+00  2.400000000e+09]\n",
      " [-2.304000000e+09  0.000000000e+00  2.880000000e+09  2.304000000e+09\n",
      "   0.000000000e+00  2.880000000e+09]\n",
      " [ 0.000000000e+00 -2.000000000e+07  0.000000000e+00  0.000000000e+00\n",
      "   2.000000000e+07  0.000000000e+00]\n",
      " [-2.880000000e+09  0.000000000e+00  2.400000000e+09  2.880000000e+09\n",
      "   0.000000000e+00  4.800000000e+09]]\n",
      "\n",
      "\n",
      "Element 3 Length: 2.5\n",
      "Element 3 cosA: 0.0\n",
      "Element 3 sinA: 1.0\n",
      "Element 3 GlbDOF: [0 0 0 7 8 9]\n",
      "Element 3 EK:\n",
      " [[ 2.304000000e+09  0.000000000e+00 -2.880000000e+09 -2.304000000e+09\n",
      "   0.000000000e+00 -2.880000000e+09]\n",
      " [ 0.000000000e+00  2.000000000e+07  0.000000000e+00  0.000000000e+00\n",
      "  -2.000000000e+07  0.000000000e+00]\n",
      " [-2.880000000e+09  0.000000000e+00  4.800000000e+09  2.880000000e+09\n",
      "   0.000000000e+00  2.400000000e+09]\n",
      " [-2.304000000e+09  0.000000000e+00  2.880000000e+09  2.304000000e+09\n",
      "   0.000000000e+00  2.880000000e+09]\n",
      " [ 0.000000000e+00 -2.000000000e+07  0.000000000e+00  0.000000000e+00\n",
      "   2.000000000e+07  0.000000000e+00]\n",
      " [-2.880000000e+09  0.000000000e+00  2.400000000e+09  2.880000000e+09\n",
      "   0.000000000e+00  4.800000000e+09]]\n",
      "\n",
      "\n",
      "Element 4 Length: 2.5\n",
      "Element 4 cosA: 0.0\n",
      "Element 4 sinA: 1.0\n",
      "Element 4 GlbDOF: [ 0  0  0 10 11 12]\n",
      "Element 4 EK:\n",
      " [[ 2.304000000e+09  0.000000000e+00 -2.880000000e+09 -2.304000000e+09\n",
      "   0.000000000e+00 -2.880000000e+09]\n",
      " [ 0.000000000e+00  2.000000000e+07  0.000000000e+00  0.000000000e+00\n",
      "  -2.000000000e+07  0.000000000e+00]\n",
      " [-2.880000000e+09  0.000000000e+00  4.800000000e+09  2.880000000e+09\n",
      "   0.000000000e+00  2.400000000e+09]\n",
      " [-2.304000000e+09  0.000000000e+00  2.880000000e+09  2.304000000e+09\n",
      "   0.000000000e+00  2.880000000e+09]\n",
      " [ 0.000000000e+00 -2.000000000e+07  0.000000000e+00  0.000000000e+00\n",
      "   2.000000000e+07  0.000000000e+00]\n",
      " [-2.880000000e+09  0.000000000e+00  2.400000000e+09  2.880000000e+09\n",
      "   0.000000000e+00  4.800000000e+09]]\n",
      "\n",
      "\n",
      "Element 5 Length: 0.5\n",
      "Element 5 cosA: 0.0\n",
      "Element 5 sinA: 1.0\n",
      "Element 5 GlbDOF: [ 4  5  6 13 14 15]\n",
      "Element 5 EK:\n",
      " [[ 2.880000000e+11  0.000000000e+00 -7.200000000e+10 -2.880000000e+11\n",
      "   0.000000000e+00 -7.200000000e+10]\n",
      " [ 0.000000000e+00  1.000000000e+08  0.000000000e+00  0.000000000e+00\n",
      "  -1.000000000e+08  0.000000000e+00]\n",
      " [-7.200000000e+10  0.000000000e+00  2.400000000e+10  7.200000000e+10\n",
      "   0.000000000e+00  1.200000000e+10]\n",
      " [-2.880000000e+11  0.000000000e+00  7.200000000e+10  2.880000000e+11\n",
      "   0.000000000e+00  7.200000000e+10]\n",
      " [ 0.000000000e+00 -1.000000000e+08  0.000000000e+00  0.000000000e+00\n",
      "   1.000000000e+08  0.000000000e+00]\n",
      " [-7.200000000e+10  0.000000000e+00  1.200000000e+10  7.200000000e+10\n",
      "   0.000000000e+00  2.400000000e+10]]\n",
      "\n",
      "\n",
      "Element 6 Length: 0.5\n",
      "Element 6 cosA: 0.0\n",
      "Element 6 sinA: 1.0\n",
      "Element 6 GlbDOF: [ 7  8  9 16 17 18]\n",
      "Element 6 EK:\n",
      " [[ 2.880000000e+11  0.000000000e+00 -7.200000000e+10 -2.880000000e+11\n",
      "   0.000000000e+00 -7.200000000e+10]\n",
      " [ 0.000000000e+00  1.000000000e+08  0.000000000e+00  0.000000000e+00\n",
      "  -1.000000000e+08  0.000000000e+00]\n",
      " [-7.200000000e+10  0.000000000e+00  2.400000000e+10  7.200000000e+10\n",
      "   0.000000000e+00  1.200000000e+10]\n",
      " [-2.880000000e+11  0.000000000e+00  7.200000000e+10  2.880000000e+11\n",
      "   0.000000000e+00  7.200000000e+10]\n",
      " [ 0.000000000e+00 -1.000000000e+08  0.000000000e+00  0.000000000e+00\n",
      "   1.000000000e+08  0.000000000e+00]\n",
      " [-7.200000000e+10  0.000000000e+00  1.200000000e+10  7.200000000e+10\n",
      "   0.000000000e+00  2.400000000e+10]]\n",
      "\n",
      "\n",
      "Element 7 Length: 0.6000000000000001\n",
      "Element 7 cosA: 0.0\n",
      "Element 7 sinA: 1.0\n",
      "Element 7 GlbDOF: [19 20 21 22 23 24]\n",
      "Element 7 EK:\n",
      " [[ 1.666666667e+10  0.000000000e+00 -5.000000000e+09 -1.666666667e+10\n",
      "   0.000000000e+00 -5.000000000e+09]\n",
      " [ 0.000000000e+00  1.166666667e+06  0.000000000e+00  0.000000000e+00\n",
      "  -1.166666667e+06  0.000000000e+00]\n",
      " [-5.000000000e+09  0.000000000e+00  2.000000000e+09  5.000000000e+09\n",
      "   0.000000000e+00  1.000000000e+09]\n",
      " [-1.666666667e+10  0.000000000e+00  5.000000000e+09  1.666666667e+10\n",
      "   0.000000000e+00  5.000000000e+09]\n",
      " [ 0.000000000e+00 -1.166666667e+06  0.000000000e+00  0.000000000e+00\n",
      "   1.166666667e+06  0.000000000e+00]\n",
      " [-5.000000000e+09  0.000000000e+00  1.000000000e+09  5.000000000e+09\n",
      "   0.000000000e+00  2.000000000e+09]]\n",
      "\n",
      "\n",
      "Element 8 Length: 0.6000000000000001\n",
      "Element 8 cosA: 0.0\n",
      "Element 8 sinA: 1.0\n",
      "Element 8 GlbDOF: [25 26 27 28 29 30]\n",
      "Element 8 EK:\n",
      " [[ 1.666666667e+10  0.000000000e+00 -5.000000000e+09 -1.666666667e+10\n",
      "   0.000000000e+00 -5.000000000e+09]\n",
      " [ 0.000000000e+00  1.166666667e+06  0.000000000e+00  0.000000000e+00\n",
      "  -1.166666667e+06  0.000000000e+00]\n",
      " [-5.000000000e+09  0.000000000e+00  2.000000000e+09  5.000000000e+09\n",
      "   0.000000000e+00  1.000000000e+09]\n",
      " [-1.666666667e+10  0.000000000e+00  5.000000000e+09  1.666666667e+10\n",
      "   0.000000000e+00  5.000000000e+09]\n",
      " [ 0.000000000e+00 -1.166666667e+06  0.000000000e+00  0.000000000e+00\n",
      "   1.166666667e+06  0.000000000e+00]\n",
      " [-5.000000000e+09  0.000000000e+00  1.000000000e+09  5.000000000e+09\n",
      "   0.000000000e+00  2.000000000e+09]]\n",
      "\n",
      "\n",
      "Element 9 Length: 0.8999999999999999\n",
      "Element 9 cosA: 0.0\n",
      "Element 9 sinA: 1.0\n",
      "Element 9 GlbDOF: [31 32 33 34 35 36]\n",
      "Element 9 EK:\n",
      " [[ 4.938271605e+09  0.000000000e+00 -2.222222222e+09 -4.938271605e+09\n",
      "   0.000000000e+00 -2.222222222e+09]\n",
      " [ 0.000000000e+00  7.777777778e+05  0.000000000e+00  0.000000000e+00\n",
      "  -7.777777778e+05  0.000000000e+00]\n",
      " [-2.222222222e+09  0.000000000e+00  1.333333333e+09  2.222222222e+09\n",
      "   0.000000000e+00  6.666666667e+08]\n",
      " [-4.938271605e+09  0.000000000e+00  2.222222222e+09  4.938271605e+09\n",
      "   0.000000000e+00  2.222222222e+09]\n",
      " [ 0.000000000e+00 -7.777777778e+05  0.000000000e+00  0.000000000e+00\n",
      "   7.777777778e+05  0.000000000e+00]\n",
      " [-2.222222222e+09  0.000000000e+00  6.666666667e+08  2.222222222e+09\n",
      "   0.000000000e+00  1.333333333e+09]]\n",
      "\n",
      "\n",
      "Element 10 Length: 1.0\n",
      "Element 10 cosA: 1.0\n",
      "Element 10 sinA: 0.0\n",
      "Element 10 GlbDOF: [1 2 3 4 5 6]\n",
      "Element 10 EK:\n",
      " [[ 4.000000000e+06  0.000000000e+00  0.000000000e+00 -4.000000000e+06\n",
      "   0.000000000e+00  0.000000000e+00]\n",
      " [ 0.000000000e+00  8.400000000e+09  4.200000000e+09  0.000000000e+00\n",
      "  -8.400000000e+09  4.200000000e+09]\n",
      " [ 0.000000000e+00  4.200000000e+09  2.800000000e+09  0.000000000e+00\n",
      "  -4.200000000e+09  1.400000000e+09]\n",
      " [-4.000000000e+06  0.000000000e+00  0.000000000e+00  4.000000000e+06\n",
      "   0.000000000e+00  0.000000000e+00]\n",
      " [ 0.000000000e+00 -8.400000000e+09 -4.200000000e+09  0.000000000e+00\n",
      "   8.400000000e+09 -4.200000000e+09]\n",
      " [ 0.000000000e+00  4.200000000e+09  1.400000000e+09  0.000000000e+00\n",
      "  -4.200000000e+09  2.800000000e+09]]\n",
      "\n",
      "\n",
      "Element 11 Length: 1.0\n",
      "Element 11 cosA: 1.0\n",
      "Element 11 sinA: 0.0\n",
      "Element 11 GlbDOF: [ 7  8  9 10 11 12]\n",
      "Element 11 EK:\n",
      " [[ 4.000000000e+06  0.000000000e+00  0.000000000e+00 -4.000000000e+06\n",
      "   0.000000000e+00  0.000000000e+00]\n",
      " [ 0.000000000e+00  8.400000000e+09  4.200000000e+09  0.000000000e+00\n",
      "  -8.400000000e+09  4.200000000e+09]\n",
      " [ 0.000000000e+00  4.200000000e+09  2.800000000e+09  0.000000000e+00\n",
      "  -4.200000000e+09  1.400000000e+09]\n",
      " [-4.000000000e+06  0.000000000e+00  0.000000000e+00  4.000000000e+06\n",
      "   0.000000000e+00  0.000000000e+00]\n",
      " [ 0.000000000e+00 -8.400000000e+09 -4.200000000e+09  0.000000000e+00\n",
      "   8.400000000e+09 -4.200000000e+09]\n",
      " [ 0.000000000e+00  4.200000000e+09  1.400000000e+09  0.000000000e+00\n",
      "  -4.200000000e+09  2.800000000e+09]]\n",
      "\n",
      "\n",
      "Element 12 Length: 1.0\n",
      "Element 12 cosA: 1.0\n",
      "Element 12 sinA: 0.0\n",
      "Element 12 GlbDOF: [13 14 15 19 20 21]\n",
      "Element 12 EK:\n",
      " [[ 4.000000000e+06  0.000000000e+00  0.000000000e+00 -4.000000000e+06\n",
      "   0.000000000e+00  0.000000000e+00]\n",
      " [ 0.000000000e+00  8.400000000e+09  4.200000000e+09  0.000000000e+00\n",
      "  -8.400000000e+09  4.200000000e+09]\n",
      " [ 0.000000000e+00  4.200000000e+09  2.800000000e+09  0.000000000e+00\n",
      "  -4.200000000e+09  1.400000000e+09]\n",
      " [-4.000000000e+06  0.000000000e+00  0.000000000e+00  4.000000000e+06\n",
      "   0.000000000e+00  0.000000000e+00]\n",
      " [ 0.000000000e+00 -8.400000000e+09 -4.200000000e+09  0.000000000e+00\n",
      "   8.400000000e+09 -4.200000000e+09]\n",
      " [ 0.000000000e+00  4.200000000e+09  1.400000000e+09  0.000000000e+00\n",
      "  -4.200000000e+09  2.800000000e+09]]\n",
      "\n",
      "\n",
      "Element 13 Length: 3.0\n",
      "Element 13 cosA: 1.0\n",
      "Element 13 sinA: 0.0\n",
      "Element 13 GlbDOF: [19 20 21 25 26 27]\n",
      "Element 13 EK:\n",
      " [[ 1.333333333e+06  0.000000000e+00  0.000000000e+00 -1.333333333e+06\n",
      "   0.000000000e+00  0.000000000e+00]\n",
      " [ 0.000000000e+00  3.111111111e+08  4.666666667e+08  0.000000000e+00\n",
      "  -3.111111111e+08  4.666666667e+08]\n",
      " [ 0.000000000e+00  4.666666667e+08  9.333333333e+08  0.000000000e+00\n",
      "  -4.666666667e+08  4.666666667e+08]\n",
      " [-1.333333333e+06  0.000000000e+00  0.000000000e+00  1.333333333e+06\n",
      "   0.000000000e+00  0.000000000e+00]\n",
      " [ 0.000000000e+00 -3.111111111e+08 -4.666666667e+08  0.000000000e+00\n",
      "   3.111111111e+08 -4.666666667e+08]\n",
      " [ 0.000000000e+00  4.666666667e+08  4.666666667e+08  0.000000000e+00\n",
      "  -4.666666667e+08  9.333333333e+08]]\n",
      "\n",
      "\n",
      "Element 14 Length: 1.0\n",
      "Element 14 cosA: 1.0\n",
      "Element 14 sinA: 0.0\n",
      "Element 14 GlbDOF: [25 26 27 16 17 18]\n",
      "Element 14 EK:\n",
      " [[ 4.000000000e+06  0.000000000e+00  0.000000000e+00 -4.000000000e+06\n",
      "   0.000000000e+00  0.000000000e+00]\n",
      " [ 0.000000000e+00  8.400000000e+09  4.200000000e+09  0.000000000e+00\n",
      "  -8.400000000e+09  4.200000000e+09]\n",
      " [ 0.000000000e+00  4.200000000e+09  2.800000000e+09  0.000000000e+00\n",
      "  -4.200000000e+09  1.400000000e+09]\n",
      " [-4.000000000e+06  0.000000000e+00  0.000000000e+00  4.000000000e+06\n",
      "   0.000000000e+00  0.000000000e+00]\n",
      " [ 0.000000000e+00 -8.400000000e+09 -4.200000000e+09  0.000000000e+00\n",
      "   8.400000000e+09 -4.200000000e+09]\n",
      " [ 0.000000000e+00  4.200000000e+09  1.400000000e+09  0.000000000e+00\n",
      "  -4.200000000e+09  2.800000000e+09]]\n",
      "\n",
      "\n",
      "Element 15 Length: 1.5\n",
      "Element 15 cosA: 1.0\n",
      "Element 15 sinA: 0.0\n",
      "Element 15 GlbDOF: [22 23 24 31 32 33]\n",
      "Element 15 EK:\n",
      " [[ 2.666666667e+06  0.000000000e+00  0.000000000e+00 -2.666666667e+06\n",
      "   0.000000000e+00  0.000000000e+00]\n",
      " [ 0.000000000e+00  2.488888889e+09  1.866666667e+09  0.000000000e+00\n",
      "  -2.488888889e+09  1.866666667e+09]\n",
      " [ 0.000000000e+00  1.866666667e+09  1.866666667e+09  0.000000000e+00\n",
      "  -1.866666667e+09  9.333333333e+08]\n",
      " [-2.666666667e+06  0.000000000e+00  0.000000000e+00  2.666666667e+06\n",
      "   0.000000000e+00  0.000000000e+00]\n",
      " [ 0.000000000e+00 -2.488888889e+09 -1.866666667e+09  0.000000000e+00\n",
      "   2.488888889e+09 -1.866666667e+09]\n",
      " [ 0.000000000e+00  1.866666667e+09  9.333333333e+08  0.000000000e+00\n",
      "  -1.866666667e+09  1.866666667e+09]]\n",
      "\n",
      "\n",
      "Element 16 Length: 1.5\n",
      "Element 16 cosA: 1.0\n",
      "Element 16 sinA: 0.0\n",
      "Element 16 GlbDOF: [31 32 33 28 29 30]\n",
      "Element 16 EK:\n",
      " [[ 2.666666667e+06  0.000000000e+00  0.000000000e+00 -2.666666667e+06\n",
      "   0.000000000e+00  0.000000000e+00]\n",
      " [ 0.000000000e+00  2.488888889e+09  1.866666667e+09  0.000000000e+00\n",
      "  -2.488888889e+09  1.866666667e+09]\n",
      " [ 0.000000000e+00  1.866666667e+09  1.866666667e+09  0.000000000e+00\n",
      "  -1.866666667e+09  9.333333333e+08]\n",
      " [-2.666666667e+06  0.000000000e+00  0.000000000e+00  2.666666667e+06\n",
      "   0.000000000e+00  0.000000000e+00]\n",
      " [ 0.000000000e+00 -2.488888889e+09 -1.866666667e+09  0.000000000e+00\n",
      "   2.488888889e+09 -1.866666667e+09]\n",
      " [ 0.000000000e+00  1.866666667e+09  9.333333333e+08  0.000000000e+00\n",
      "  -1.866666667e+09  1.866666667e+09]]\n",
      "\n",
      "\n",
      "Element 17 Length: 1.74928556845359\n",
      "Element 17 cosA: 0.8574929257125443\n",
      "Element 17 sinA: 0.5144957554275266\n",
      "Element 17 GlbDOF: [22 23 24 34 35 36]\n",
      "Element 17 EK:\n",
      " [[ 23749438.583510850 -39553814.541661002 -40352608.268825628\n",
      "  -23749438.583510850  39553814.541661002 -40352608.268825628]\n",
      " [-39553814.541660994  65940174.094615914  67254347.114709377\n",
      "   39553814.541660994 -65940174.094615914  67254347.114709377]\n",
      " [-40352608.268825628  67254347.114709377  91465912.076004729\n",
      "   40352608.268825628 -67254347.114709377  45732956.038002364]\n",
      " [-23749438.583510850  39553814.541661002  40352608.268825628\n",
      "   23749438.583510850 -39553814.541661002  40352608.268825628]\n",
      " [ 39553814.541660994 -65940174.094615914 -67254347.114709377\n",
      "  -39553814.541660994  65940174.094615914 -67254347.114709377]\n",
      " [-40352608.268825628  67254347.114709377  45732956.038002364\n",
      "   40352608.268825628 -67254347.114709377  91465912.076004729]]\n",
      "\n",
      "\n",
      "Element 18 Length: 1.74928556845359\n",
      "Element 18 cosA: -0.8574929257125443\n",
      "Element 18 sinA: 0.5144957554275266\n",
      "Element 18 GlbDOF: [28 29 30 34 35 36]\n",
      "Element 18 EK:\n",
      " [[ 23749438.583510850  39553814.541661002 -40352608.268825628\n",
      "  -23749438.583510850 -39553814.541661002 -40352608.268825628]\n",
      " [ 39553814.541660994  65940174.094615914 -67254347.114709377\n",
      "  -39553814.541660994 -65940174.094615914 -67254347.114709377]\n",
      " [-40352608.268825628 -67254347.114709377  91465912.076004729\n",
      "   40352608.268825628  67254347.114709377  45732956.038002364]\n",
      " [-23749438.583510850 -39553814.541661002  40352608.268825628\n",
      "   23749438.583510850  39553814.541661002  40352608.268825628]\n",
      " [-39553814.541660994 -65940174.094615914  67254347.114709377\n",
      "   39553814.541660994  65940174.094615914  67254347.114709377]\n",
      " [-40352608.268825628 -67254347.114709377  45732956.038002364\n",
      "   40352608.268825628  67254347.114709377  91465912.076004729]]\n",
      "\n",
      "\n",
      "Element 19 Length: 1.1661903789690602\n",
      "Element 19 cosA: 0.8574929257125441\n",
      "Element 19 sinA: 0.5144957554275266\n",
      "Element 19 GlbDOF: [13 14 15 22 23 24]\n",
      "Element 19 EK:\n",
      " [[ 8.013071111e+07 -1.335083105e+08 -9.079336860e+07 -8.013071111e+07\n",
      "   1.335083105e+08 -9.079336860e+07]\n",
      " [-1.335083105e+08  2.225395757e+08  1.513222810e+08  1.335083105e+08\n",
      "  -2.225395757e+08  1.513222810e+08]\n",
      " [-9.079336860e+07  1.513222810e+08  1.371988681e+08  9.079336860e+07\n",
      "  -1.513222810e+08  6.859943406e+07]\n",
      " [-8.013071111e+07  1.335083105e+08  9.079336860e+07  8.013071111e+07\n",
      "  -1.335083105e+08  9.079336860e+07]\n",
      " [ 1.335083105e+08 -2.225395757e+08 -1.513222810e+08 -1.335083105e+08\n",
      "   2.225395757e+08 -1.513222810e+08]\n",
      " [-9.079336860e+07  1.513222810e+08  6.859943406e+07  9.079336860e+07\n",
      "  -1.513222810e+08  1.371988681e+08]]\n",
      "\n",
      "\n",
      "Element 20 Length: 1.1661903789690602\n",
      "Element 20 cosA: -0.8574929257125441\n",
      "Element 20 sinA: 0.5144957554275266\n",
      "Element 20 GlbDOF: [16 17 18 28 29 30]\n",
      "Element 20 EK:\n",
      " [[ 8.013071111e+07  1.335083105e+08 -9.079336860e+07 -8.013071111e+07\n",
      "  -1.335083105e+08 -9.079336860e+07]\n",
      " [ 1.335083105e+08  2.225395757e+08 -1.513222810e+08 -1.335083105e+08\n",
      "  -2.225395757e+08 -1.513222810e+08]\n",
      " [-9.079336860e+07 -1.513222810e+08  1.371988681e+08  9.079336860e+07\n",
      "   1.513222810e+08  6.859943406e+07]\n",
      " [-8.013071111e+07 -1.335083105e+08  9.079336860e+07  8.013071111e+07\n",
      "   1.335083105e+08  9.079336860e+07]\n",
      " [-1.335083105e+08 -2.225395757e+08  1.513222810e+08  1.335083105e+08\n",
      "   2.225395757e+08  1.513222810e+08]\n",
      " [-9.079336860e+07 -1.513222810e+08  6.859943406e+07  9.079336860e+07\n",
      "   1.513222810e+08  1.371988681e+08]]\n",
      "\n",
      "\n",
      "Element 21 Length: 1.118033988749895\n",
      "Element 21 cosA: 0.8944271909999159\n",
      "Element 21 sinA: 0.4472135954999579\n",
      "Element 21 GlbDOF: [ 1  2  3 13 14 15]\n",
      "Element 21 EK:\n",
      " [[ 6.871347452e+07 -1.373732834e+08 -8.586501034e+07 -6.871347452e+07\n",
      "   1.373732834e+08 -8.586501034e+07]\n",
      " [-1.373732834e+08  2.747733996e+08  1.717300207e+08  1.373732834e+08\n",
      "  -2.747733996e+08  1.717300207e+08]\n",
      " [-8.586501034e+07  1.717300207e+08  1.431083506e+08  8.586501034e+07\n",
      "  -1.717300207e+08  7.155417528e+07]\n",
      " [-6.871347452e+07  1.373732834e+08  8.586501034e+07  6.871347452e+07\n",
      "  -1.373732834e+08  8.586501034e+07]\n",
      " [ 1.373732834e+08 -2.747733996e+08 -1.717300207e+08 -1.373732834e+08\n",
      "   2.747733996e+08 -1.717300207e+08]\n",
      " [-8.586501034e+07  1.717300207e+08  7.155417528e+07  8.586501034e+07\n",
      "  -1.717300207e+08  1.431083506e+08]]\n",
      "\n",
      "\n",
      "Element 22 Length: 1.118033988749895\n",
      "Element 22 cosA: -0.8944271909999159\n",
      "Element 22 sinA: 0.4472135954999579\n",
      "Element 22 GlbDOF: [10 11 12 16 17 18]\n",
      "Element 22 EK:\n",
      " [[ 6.871347452e+07  1.373732834e+08 -8.586501034e+07 -6.871347452e+07\n",
      "  -1.373732834e+08 -8.586501034e+07]\n",
      " [ 1.373732834e+08  2.747733996e+08 -1.717300207e+08 -1.373732834e+08\n",
      "  -2.747733996e+08 -1.717300207e+08]\n",
      " [-8.586501034e+07 -1.717300207e+08  1.431083506e+08  8.586501034e+07\n",
      "   1.717300207e+08  7.155417528e+07]\n",
      " [-6.871347452e+07 -1.373732834e+08  8.586501034e+07  6.871347452e+07\n",
      "   1.373732834e+08  8.586501034e+07]\n",
      " [-1.373732834e+08 -2.747733996e+08  1.717300207e+08  1.373732834e+08\n",
      "   2.747733996e+08  1.717300207e+08]\n",
      " [-8.586501034e+07 -1.717300207e+08  7.155417528e+07  8.586501034e+07\n",
      "   1.717300207e+08  1.431083506e+08]]\n",
      "\n",
      "\n",
      "Element 23 Length: 0.8385254915624212\n",
      "Element 23 cosA: 0.8944271909999159\n",
      "Element 23 sinA: 0.4472135954999579\n",
      "Element 23 GlbDOF: [37 38 39  1  2  3]\n",
      "Element 23 EK:\n",
      " [[ 1.628541228e+08 -3.256366913e+08 -1.526489073e+08 -1.628541228e+08\n",
      "   3.256366913e+08 -1.526489073e+08]\n",
      " [-3.256366913e+08  6.513091597e+08  3.052978145e+08  3.256366913e+08\n",
      "  -6.513091597e+08  3.052978145e+08]\n",
      " [-1.526489073e+08  3.052978145e+08  1.908111341e+08  1.526489073e+08\n",
      "  -3.052978145e+08  9.540556704e+07]\n",
      " [-1.628541228e+08  3.256366913e+08  1.526489073e+08  1.628541228e+08\n",
      "  -3.256366913e+08  1.526489073e+08]\n",
      " [ 3.256366913e+08 -6.513091597e+08 -3.052978145e+08 -3.256366913e+08\n",
      "   6.513091597e+08 -3.052978145e+08]\n",
      " [-1.526489073e+08  3.052978145e+08  9.540556704e+07  1.526489073e+08\n",
      "  -3.052978145e+08  1.908111341e+08]]\n",
      "\n",
      "\n",
      "Element 24 Length: 0.8385254915624212\n",
      "Element 24 cosA: -0.8944271909999159\n",
      "Element 24 sinA: 0.4472135954999579\n",
      "Element 24 GlbDOF: [40 41 42 10 11 12]\n",
      "Element 24 EK:\n",
      " [[ 1.628541228e+08  3.256366913e+08 -1.526489073e+08 -1.628541228e+08\n",
      "  -3.256366913e+08 -1.526489073e+08]\n",
      " [ 3.256366913e+08  6.513091597e+08 -3.052978145e+08 -3.256366913e+08\n",
      "  -6.513091597e+08 -3.052978145e+08]\n",
      " [-1.526489073e+08 -3.052978145e+08  1.908111341e+08  1.526489073e+08\n",
      "   3.052978145e+08  9.540556704e+07]\n",
      " [-1.628541228e+08 -3.256366913e+08  1.526489073e+08  1.628541228e+08\n",
      "   3.256366913e+08  1.526489073e+08]\n",
      " [-3.256366913e+08 -6.513091597e+08  3.052978145e+08  3.256366913e+08\n",
      "   6.513091597e+08  3.052978145e+08]\n",
      " [-1.526489073e+08 -3.052978145e+08  9.540556704e+07  1.526489073e+08\n",
      "   3.052978145e+08  1.908111341e+08]]\n",
      "\n",
      "\n",
      "Element 25 Length: 5.0\n",
      "Element 25 cosA: 1.0\n",
      "Element 25 sinA: 0.0\n",
      "Element 25 GlbDOF: [4 5 6 7 8 9]\n",
      "Element 25 EK:\n",
      " [[ 1.400000000e+05  0.000000000e+00  0.000000000e+00 -1.400000000e+05\n",
      "   0.000000000e+00  0.000000000e+00]\n",
      " [ 0.000000000e+00  2.880000000e+07  7.200000000e+07  0.000000000e+00\n",
      "  -2.880000000e+07  7.200000000e+07]\n",
      " [ 0.000000000e+00  7.200000000e+07  2.400000000e+08  0.000000000e+00\n",
      "  -7.200000000e+07  1.200000000e+08]\n",
      " [-1.400000000e+05  0.000000000e+00  0.000000000e+00  1.400000000e+05\n",
      "   0.000000000e+00  0.000000000e+00]\n",
      " [ 0.000000000e+00 -2.880000000e+07 -7.200000000e+07  0.000000000e+00\n",
      "   2.880000000e+07 -7.200000000e+07]\n",
      " [ 0.000000000e+00  7.200000000e+07  1.200000000e+08  0.000000000e+00\n",
      "  -7.200000000e+07  2.400000000e+08]]\n",
      "\n",
      "\n"
     ]
    }
   ],
   "source": [
    "for i, element in enumerate(Elems):\n",
    "    print(\"Element\", i+1, \"Length:\", element.Len)\n",
    "    print(\"Element\", i+1, \"cosA:\", element.cosA)\n",
    "    print(\"Element\", i+1, \"sinA:\", element.sinA)\n",
    "    print(\"Element\", i+1, \"GlbDOF:\", element.GlbDOF)\n",
    "    # print(\"Element\", i+1, \"ET:\\n\", element.ET)\n",
    "    print(\"Element\", i+1, \"EK:\\n\", element.EK)\n",
    "    print(\"\\n\")"
   ]
  },
  {
   "cell_type": "markdown",
   "metadata": {},
   "source": [
    "# 计算"
   ]
  },
  {
   "cell_type": "markdown",
   "metadata": {},
   "source": [
    "### 整体刚度矩阵$\\mathbf{K}$"
   ]
  },
  {
   "cell_type": "code",
   "execution_count": 233,
   "metadata": {},
   "outputs": [
    {
     "name": "stdout",
     "output_type": "stream",
     "text": [
      "[[ 2.539567597e+09 -4.630099747e+08  2.946783897e+09 ...  0.000000000e+00\n",
      "   0.000000000e+00  0.000000000e+00]\n",
      " [-4.630099747e+08  9.346082559e+09  4.066432206e+09 ...  0.000000000e+00\n",
      "   0.000000000e+00  0.000000000e+00]\n",
      " [ 2.946783897e+09  4.066432206e+09  7.933919485e+09 ...  0.000000000e+00\n",
      "   0.000000000e+00  0.000000000e+00]\n",
      " ...\n",
      " [ 0.000000000e+00  0.000000000e+00  0.000000000e+00 ...  1.628541228e+08\n",
      "   3.256366913e+08 -1.526489073e+08]\n",
      " [ 0.000000000e+00  0.000000000e+00  0.000000000e+00 ...  3.256366913e+08\n",
      "   6.513091597e+08 -3.052978145e+08]\n",
      " [ 0.000000000e+00  0.000000000e+00  0.000000000e+00 ... -1.526489073e+08\n",
      "  -3.052978145e+08  1.908111341e+08]]\n"
     ]
    }
   ],
   "source": [
    "# 整体刚度矩阵\n",
    "KG = np.zeros((NGlbDOF, NGlbDOF), dtype=rkind)\n",
    "for element in Elems:\n",
    "    for i in range(6):\n",
    "        if (element.GlbDOF[i]):\n",
    "            for j in range(6):\n",
    "                if (element.GlbDOF[j]):\n",
    "                    # print(f\"({element.GlbDOF[i]},{element.GlbDOF[j]}): {element.EK[i, j]}\")\n",
    "                    KG[element.GlbDOF[i]-1, element.GlbDOF[j]-1] += element.EK[i, j]\n",
    "print(KG)"
   ]
  },
  {
   "cell_type": "markdown",
   "metadata": {},
   "source": [
    "### 单元等效结点载荷$P_E^{(i)}$"
   ]
  },
  {
   "cell_type": "code",
   "execution_count": 234,
   "metadata": {},
   "outputs": [
    {
     "name": "stdout",
     "output_type": "stream",
     "text": [
      "[ 0.000000000  8.746427842  2.550000000  0.000000000  8.743572158\n",
      " -2.549999592]\n",
      "[ 0.000000000 -8.746427842 -2.550000000  0.000000000 -8.743572158\n",
      "  2.549999592]\n",
      "[ 0.000000000  5.830951895  1.133333333  0.000000000  5.829048105\n",
      " -1.133333152]\n",
      "[ 0.000000000 -5.830951895 -1.133333333  0.000000000 -5.829048105\n",
      "  1.133333152]\n",
      "[ 0.000000000  5.590169944  1.041666667  0.000000000  5.589830056\n",
      " -1.041666661]\n",
      "[ 0.000000000 -5.590169944 -1.041666667  0.000000000 -5.589830056\n",
      "  1.041666661]\n",
      "[ 0.000000000  4.192627459  0.585937500  0.000000000  4.197372541\n",
      " -0.585936373]\n",
      "[ 0.000000000 -4.192627459 -0.585937500  0.000000000 -4.197372541\n",
      "  0.585936373]\n"
     ]
    }
   ],
   "source": [
    "def FixedEndForces(ElemLoad):\n",
    "    element = ElemLoad.Element\n",
    "    Index = ElemLoad.Index\n",
    "    Pos = ElemLoad.Pos\n",
    "    LodVal = ElemLoad.LodVal\n",
    "    L = element.Len\n",
    "    EA = element.EA\n",
    "    EI = element.EI\n",
    "    EForceR = np.zeros(6, dtype=rkind)\n",
    "    if (Index == 1):    # 分布力\n",
    "        EForceR[1] = -(LodVal * Pos / 2) * (2 - 2*(Pos/L)**2 + (Pos/L)**3)\n",
    "        EForceR[2] = -(LodVal * (Pos ** 2) / 12) * (6 - 8 * Pos/L + 3 * (Pos/L)**2)\n",
    "        EForceR[4] = -(LodVal * (Pos ** 3) / (2*(L**2))) * (2 - Pos/L)\n",
    "        EForceR[5] = (LodVal * (Pos ** 3) / (12*L)) * (4 - 3 * Pos/L)\n",
    "    elif (Index == 2):  # 集中力\n",
    "        EForceR[1] = LodVal * (1 - Pos/L)**2 * (1 + 2 * Pos/L)\n",
    "        EForceR[2] = LodVal * Pos * (Pos/L - 1)**2\n",
    "        EForceR[4] = LodVal * (Pos/L)**2 * (1 + 2 * (1 - Pos/L))\n",
    "        EForceR[5] = LodVal * Pos**2 * (Pos/L - 1)\n",
    "    elif (Index == 3):  # 集中力矩\n",
    "        EForceR[1] = LodVal * 6 * Pos * (L - Pos) / L**3\n",
    "        EForceR[2] = LodVal * (1 - Pos/L) * (2 - 3 * (1-Pos/L))\n",
    "        EForceR[4] = - LodVal * 6 * Pos * (L - Pos) / L**3\n",
    "        EForceR[5] = LodVal * (Pos/L) * (2 - 3 * (Pos/L))\n",
    "        \n",
    "    return EForceR\n",
    "\n",
    "for ElemLoad in ElemLoads:   # 重复运行会累加！！！前面可以加个归零逻辑\n",
    "    element = ElemLoad.Element\n",
    "    EForceR = FixedEndForces(ElemLoad)\n",
    "    element.EForceR += EForceR\n",
    "    element.EP -= np.dot(element.ET.T, EForceR)\n",
    "    print(element.EForceR)\n"
   ]
  },
  {
   "cell_type": "markdown",
   "metadata": {},
   "source": [
    "### 整体总结点荷载向量$P$"
   ]
  },
  {
   "cell_type": "code",
   "execution_count": 235,
   "metadata": {},
   "outputs": [
    {
     "name": "stdout",
     "output_type": "stream",
     "text": [
      "[  4.377122066  -8.754244131  -0.455730293   0.000000000   0.000000000\n",
      "   0.000000000   0.000000000   0.000000000   0.000000000  -4.377122066\n",
      "  -8.754244131   0.455730293   5.499847998  -9.999695995  -0.091666672\n",
      "  -5.499847998  -9.999695995   0.091666672   0.000000000 -15.000000000\n",
      "   0.000000000   7.499020508 -12.498367514  -1.416666848   0.000000000\n",
      " -15.000000000   0.000000000  -7.499020508 -12.498367514   1.416666848\n",
      "   0.000000000 -25.000000000   0.000000000   0.000000000 -24.995102542\n",
      "   0.000000000   1.875000001  -3.750000001  -0.585937500  -1.875000001\n",
      "  -3.750000001   0.585937500]\n"
     ]
    }
   ],
   "source": [
    "# 整体结点荷载向量\n",
    "PG = np.zeros(NGlbDOF, dtype=rkind)\n",
    "for Elem in Elems:\n",
    "    for i in range(6):\n",
    "        if (Elem.GlbDOF[i]):\n",
    "            PG[Elem.GlbDOF[i]-1] += Elem.EP[i]\n",
    "\n",
    "for JointLoad in JointLoads:\n",
    "    Joint = JointLoad.Joint\n",
    "    LodDOF = int(JointLoad.LodDOF)\n",
    "    LodVal = JointLoad.LodVal\n",
    "    GDOFNo = Joint.GDOF[LodDOF-1]-1\n",
    "    PG[GDOFNo] += LodVal\n",
    "print(PG)"
   ]
  },
  {
   "cell_type": "markdown",
   "metadata": {},
   "source": [
    "### 求解位移向量$\\Delta$"
   ]
  },
  {
   "cell_type": "code",
   "execution_count": 236,
   "metadata": {},
   "outputs": [
    {
     "name": "stdout",
     "output_type": "stream",
     "text": [
      "[ 0.000000065 -0.000001856 -0.000000042  0.000000051 -0.000001894\n",
      " -0.000000040 -0.000000051 -0.000001894  0.000000040 -0.000000065\n",
      " -0.000001856  0.000000042  0.000000074 -0.000002072 -0.000000050\n",
      " -0.000000074 -0.000002072  0.000000050 -0.000000723 -0.000002121\n",
      " -0.000000046 -0.000000689 -0.000002775 -0.000000070  0.000000723\n",
      " -0.000002121  0.000000046  0.000000689 -0.000002775  0.000000070\n",
      " -0.000000000 -0.000002833 -0.000000000 -0.000000000 -0.000002624\n",
      "  0.000000000  0.000000056 -0.000001838 -0.000000017 -0.000000056\n",
      " -0.000001838  0.000000017]\n"
     ]
    }
   ],
   "source": [
    "# 整体位移向量\n",
    "DG = np.linalg.solve(KG, PG)\n",
    "print(DG)"
   ]
  },
  {
   "cell_type": "code",
   "execution_count": 237,
   "metadata": {},
   "outputs": [
    {
     "data": {
      "text/plain": [
       "True"
      ]
     },
     "execution_count": 237,
     "metadata": {},
     "output_type": "execute_result"
    }
   ],
   "source": [
    "np.allclose(np.dot(KG, DG), PG)"
   ]
  },
  {
   "cell_type": "markdown",
   "metadata": {},
   "source": [
    "### 求单元杆端力$\\bar{F^e}$"
   ]
